0.029 3.01602e-05 1.74127e-05
0.034 0.000140732 3.76095e-05
0.043 0.000150748 3.892e-05
0.055 0.00028154 5.31986e-05
0.071 0.000341904 5.86261e-05
0.09 0.000311667 5.59684e-05
0.11 0.000331668 5.77265e-05
0.12 0.000432309 6.59122e-05
0.19 0.000794361 8.93371e-05
0.22 0.0011261 0.000106347
0.29 0.00176899 0.000133224
0.35 0.00243333 0.00015623
0.44 0.00367026 0.000191757
0.58 0.0065031 0.000254831
0.71 0.00852801 0.000291602
0.9 0.0114383 0.000337127
1.1 0.0168128 0.0004077
1.2 0.0179925 0.000421427
1.9 0.0300185 0.000541036
2.9 0.0423025 0.000638179
3.5 0.0480275 0.000678063
4.2 0.0537029 0.000714893
5.5 0.0603934 0.000755262
7.1 0.0651405 0.000782474
9 0.0714623 0.000816719
11 0.0739419 0.000829807
13 0.0770383 0.000845582
17 0.080179 0.000861086
21 0.0848386 0.000883428
29 0.087884 0.000897697
35 0.0894512 0.000904933
43 0.0935146 0.000923298
56 0.0981616 0.000943295

















