0.00000001 0.00761332 0.000275655
0.0000001 0.00457443 0.000213961
0.000001 0.00322824 0.000179892
0.00001 0.00227092 0.000150888
0.0001 0.00162883 0.000127869
0.001 0.00141714 0.00011926
0.01 0.00138783 0.000118058
0.025 0.00121636 0.000110511
0.050 0.00175911 0.000132859
0.075 0.00113567 0.000106774
0.10 0.0013369 0.000115846
0.50 0.00109575 0.000104897
1 0.000733845 8.58586e-05
2 0.0010157 0.000101014
5 0.00373967 0.00019353
10 0.00852595 0.000291532
25 0.0128239 0.00035683
50 0.0124694 0.000351749
100 0.0141942 0.000375051
250 0.0212088 0.000456794
500 0.0319966 0.000558075
1000 0.0494561 0.000687491




























