0.00000001 0.00408895 0.000202019
0.0000001 0.0024358 0.000156066
0.000001 0.00159357 0.000126278
0.00001 0.00111237 0.000105523
0.0001 0.000921927 9.60732e-05
0.001 0.000831772 9.12608e-05
0.01 0.000861965 9.2908e-05
0.025 0.000942205 9.71352e-05
0.050 0.00147262 0.00012137
0.075 0.000821602 9.06935e-05
0.10 0.00115278 0.000107435
0.50 0.000932219 9.66215e-05
1 0.00064145 8.01555e-05
2 0.00106218 0.000103113
5 0.00282636 0.000168069
10 0.00774619 0.00027753
25 0.0110335 0.000330682
50 0.0108546 0.000328043
100 0.0115346 0.000338022
250 0.0149122 0.000383688
500 0.023381 0.000478374
1000 0.0333657 0.000568558




























