0.029 5.01123e-05 2.24103e-05
0.034 0.000110227 3.32329e-05
0.043 0.000200407 4.48078e-05
0.055 0.000280631 5.30269e-05
0.071 0.000420985 6.49457e-05
0.09 0.000350733 5.92743e-05
0.11 0.000461051 6.79626e-05
0.12 0.000551174 7.42998e-05
0.19 0.00101236 0.000100682
0.22 0.00127283 0.000112873
0.29 0.00223451 0.000149467
0.35 0.00314733 0.000177335
0.44 0.00441959 0.000209991
0.58 0.00723425 0.000268255
0.71 0.0105622 0.000323614
0.9 0.0154128 0.00038997
1.1 0.0204793 0.000448314
1.2 0.0219572 0.000463911
1.9 0.0365043 0.000593744
2.9 0.049226 0.000684794
3.5 0.0553061 0.000723584
4.2 0.0553896 0.000724119
5.5 0.0598445 0.000750869
7.1 0.0571821 0.00073497
9 0.0586184 0.000743599
11 0.056805 0.000732778
13 0.0569874 0.000733831
17 0.0576883 0.000738051
21 0.0565142 0.000730946
29 0.0568855 0.000733203
35 0.0561222 0.000728551
43 0.057148 0.000734868
56 0.0573886 0.000736319

















