0.00000001 0.00703406 0.000264737
0.0000001 0.00456539 0.000213539
0.000001 0.00319053 0.00017863
0.00001 0.00194674 0.000139631
0.0001 0.00166585 0.000129187
0.001 0.00161569 0.000127231
0.01 0.00142476 0.000119478
0.025 0.00130423 0.000114314
0.050 0.00158495 0.000125991
0.075 0.00122399 0.000110747
0.10 0.00150491 0.000122783
0.50 0.000973358 9.87814e-05
1 0.000893063 9.46222e-05
2 0.00120403 0.000109847
5 0.00322014 0.000179441
10 0.0074242 0.000271904
25 0.012072 0.000345947
50 0.0103826 0.000321048
100 0.0120683 0.00034584
250 0.0181192 0.000422484
500 0.0269598 0.000513036
1000 0.0419233 0.000634775




























