0.029 0.000110405 3.32866e-05
0.034 0.000110392 3.32826e-05
0.043 0.000210733 4.59809e-05
0.055 0.000311014 5.58511e-05
0.071 0.000301135 5.49712e-05
0.09 0.000371352 6.10385e-05
0.11 0.000551937 7.44027e-05
0.12 0.000501711 7.09348e-05
0.19 0.000802898 8.97307e-05
0.22 0.00111395 0.000105673
0.29 0.00163584 0.000128024
0.35 0.00240804 0.000155251
0.44 0.00363199 0.000190546
0.58 0.0058889 0.000242344
0.71 0.0080701 0.00028346
0.9 0.0118028 0.000342141
1.1 0.0154738 0.000390994
1.2 0.0170978 0.000410639
1.9 0.0283828 0.000526001
2.9 0.0392253 0.000614957
3.5 0.0447599 0.000654983
4.2 0.0503692 0.000692773
5.5 0.0539727 0.000715706
7.1 0.0589729 0.000746235
9 0.0616018 0.000761681
11 0.0660353 0.000786615
13 0.0667095 0.000790347
17 0.0703663 0.000810214
21 0.0727906 0.00082301
29 0.0757637 0.00083826
35 0.0779282 0.000849193
43 0.0773939 0.000846398
56 0.0817498 0.000867844
72 0.0842848 0.000879962
80 0.0841159 0.00087917
100 0.0866982 0.000891478
150 0.0894607 0.000904008
300 0.0955319 0.000931116
500 0.0992675 0.000947199











