0.029 0.000200702 4.48739e-05
0.034 7.02536e-05 2.65524e-05
0.043 0.000230789 4.81173e-05
0.055 0.000180625 4.25699e-05
0.071 0.000160559 4.01365e-05
0.09 0.000411362 6.42307e-05
0.11 0.000351233 5.93588e-05
0.12 0.000451499 6.72903e-05
0.19 0.00101333 0.000100779
0.22 0.00100327 0.000100277
0.29 0.00169566 0.000130325
0.35 0.00234761 0.000153288
0.44 0.00402324 0.000200506
0.58 0.00595077 0.000243641
0.71 0.00809786 0.000283902
0.9 0.0117531 0.000341435
1.1 0.015512 0.000391442
1.2 0.0167454 0.000406444
1.9 0.029012 0.0005316
2.9 0.0403087 0.000623036
3.5 0.0452498 0.000658375
4.2 0.0481308 0.000677995
5.5 0.0534349 0.000712427
7.1 0.0590655 0.000746671
9 0.0629028 0.000769249
11 0.0660437 0.000786831
13 0.0662594 0.000787756
17 0.0693639 0.00080463
21 0.072328 0.000820476
29 0.0756328 0.000837482
35 0.0753612 0.000836095
43 0.0788272 0.000853584
56 0.0808959 0.000863748

















